961
400
122
249
51
507
947
255
524
903
286
402
104
800
367
56
625
126
487
732
67
664
957
6
925
525
845
175
450
414
478
351
113
200
497
227
545
881
614
193
345
633
73
853
191
355
229
657
328
675
879
633
400
858
551
405
106
176
403
546
849
353
924
155
32
628
988
852
703
440
808
848
591
751
931
835
225
144
636
506
25
103
113
33
89
256
395
749
811
780
51
252
958
635
142
242
781
59
429
750
613
271
152
308
262
220
941
67
627
392
483
33
845
147
171
14
549
499
617
239
257
810
800
156
609
115
756
844
858
358
884
223
18
407
583
957
325
21
341
557
408
122
514
504
188
567
895
871
318
938
426
745
700
530
887
338
522
290
95
25
29
948
807
561
16
984
44
779
22
165
534
689
999
71
482
13
190
450
357
651
50
798
341
133
364
923
178
558
304
367
869
913
32
510
584
499
821
545
631
126
327
914
381
135
415
614
754
490
723
68
555
780
522
942
426
402
440
302
232
560
148
659
800
4
873
979
62
757
2
43
144
110
185
325
908
711
793
1
706
230
394
23
651
201
862
643
58
383
162
234
538
72
902
349
456
627
297
852
250
735
14
69
0
515
580
245
66
521
157
421
259
592
84
936
500
842
317
581
156
742
960
544
46
503
230
334
876
404
783
113
83
817
667
392
390
653
159
242
271
46
347
172
180
2
106
690
119
7
25
75
184
206
539
848
102
707
452
845
20
96
781
537
425
67
887
883
587
437
916
214
564
284
394
726
781
251
345
955
450
56
240
85
687
407
571
553
978
293
239
828
552
528
777
924
68
301
724
823
637
145
737
310
216
684
148
426
150
963
356
891
904
493
35
981
519
201
231
19
640
318
385
328
753
354
460
868
501
15
112
435
670
587
319
173
124
143
807
25
456
594
730
219
46
807
906
536
547
652
969
472
219
748
800
803
910
64
790
679
371
689
571
49
590
937
558
769
182
771
996
219
410
432
258
683
374
468
933
633
248
816
663
85
72
609
517
349
927
744
463
229
255
483
743
630
147
741
622
554
144
898
923
271
37
829
541
514
543
93
83
630
112
653
466
365
416
299
919
237
949
316
142
415
191
310
154
324
335
302
414
777
994
66
147
925
904
273
379
737
673
586
678
687
938
883
802
301
700
204
280
612
967
531
764
156
613
760
454
683
529
59
575
942
642
269
118
495
659
317
540
167
813
532
924
213
606
899
527
912
300
691
222
26
517
740
234
629
649
411
105
362
346
54
481
344
394
714
170
2
726
807
63
645
402
193
614
416
5
851
536
4
214
575
491
438
679
361
726
802
353
749
764
730
481
390
780
536
249
825
456
345
842
496
262
730
112
355
428
983
638
796
695
409
212
890
948
680
78
641
384
666
711
784
134
723
942
235
552
861
672
705
784
825
286
433
879
311
240
713
165
707
17
319
138
448
149
347
580
761
185
964
858
470
635
203
113
988
282
357
917
920
750
980
314
621
954
496
931
532
545
946
747
555
735
370
434
1
650
410
722
329
249
474
530
485
963
677
875
813
595
660
266
337
35
953
93
851
447
935
938
328
483
184
676
600
159
967
958
971
426
223
597
671
829
219
754
544
465
792
21
359
827
808
888
295
7
608
987
739
516
525
387
355
135
538
113
857
737
492
288
519
957
682
551
716
261
543
688
199
372
419
271
194
162
833
647
930
75
450
282
686
385
713
40
367
579
568
338
215
230
395
270
828
115
827
510
335
497
391
924
560
541
806
697
293
631
135
143
475
574
893
619
732
895
941
87
65
522
282
214
738
405
955
722
107
165
987
290
737
962
305
328
998
291
721
723
41
810
643
407
882
1
570
990
556
428
552
297
484
361
904
727
361
646
52
962
356
602
632
829
842
231
126
730
671
870
612
660
694
355
651
513
430
314
633
738
15
379
954
870
142
426
642
515
660
346
398
46
830
82
755
950
905
584
295
468
228
454
679
941
682
163
289
35
352
635
611
633
68
521
387
509
119
740
616
803
157
743
537
536
810
958
493
292
126
686
386
380
412
380
266
582
544
513
515
750
975
780
550
257
620
336
923
424
752
487
234
935
473
320
77
958
599
973
268
152
347
976
737
811
384
679
237
23
758
925
659
474
348
187
180
83
447
223
234
557
865
780
48
375
643
170
530
346
525
104
650
178
277
438
586
536
935
80
905
520
445
768
807
455
311
66
211
703
964
287
56
357
841
194
827
474
105
167
400
2
710
949
189
138
807
369
935
373
42
701
28
216
596
185
721
980
263
481
805
60
531
246
493
472
856
698
89
170
707
262
631
431
760
342
423
919
462
608
455
408
9
896
815
608
148
632
688
74
789
726
568
220
845
598
713
358
576
954
36
517
402
415
391
408
843
738
335
531
181
843
578
626
163
873
227
616
140
645
595
498
336
723
862
133
546
151
717
903
687
788
82
228
622
435
521
911
616
594
588
332
770
771
871
355
320
838
134
440
21
769
700
745
840
391
958
104
913
792
103
266
437
488
861
599
598
905
923
722
294
453
600
571
981
166
968
355
858
393
930
704
414
396
786
50
495
507
112
789
867
649
304
344
795
500
451
277
275
490
567
290
815
395
234
848
903
583
100
890
638
834
918
151
48
692
773
148
51
310
796
500
967
234
585
537
56
434
918
336
4
396
787
871
208
589
34
650
568
419
331
727
319
383
617
111
595
907
645
46
748
504
698
364
950
300
40
981
238
129
5
894
474
377
217
689
227
433
64
51
647
84
21
603
346
426
533
798
366
64
218
417
619
650
186
166
424
445
367
780
914
50
440
496
84
496
855
704
416
490
300
9
221
65
203
294
426
42
617
549
778
267
140
509
720
306
380
811
404
816
93
541
454
892
398
502
339
130
535
379
343
245
470
605
242
930
899
8
749
240
269
283
190
397
196
770
130
426
312
785
315
330
578
913
178
207
809
463
919
966
920
147
830
652
215
271
68
488
270
993
603
723
641
114
603
181
928
384
186
890
534
232
452
989
245
208
734
316
976
213
911
700
738
480
264
518
157
558
470
162
76
464
998
587
797
432
656
356
249
38
15
273
511
882
288
872
656
546
560
161
260
6
739
645
852
282
747
419
905
676
854
153
374
143
731
392
785
55
630
736
208
925
770
79
921
349
702
300
898
479
51
384
163
451
309
888
424
497
712
556
748
879
37
203
586
716
628
859
869
149
748
683
843
205
626
204
197
603
911
208
963
366
925
785
174
276
626
61
445
36
78
56
188
80
474
906
202
376
769
403
761
234
803
637
100
310
16
545
452
730
610
308
603
769
694
859
765
561
573
876
508
316
557
743
715
847
261
862
540
354
26
833
390
720
67
812
985
640
163
621
245
474
832
856
706
750
824
566
320
505
508
822
571
489
119
906
495
28
672
981
290
780
294
955
898
365
683
506
340
330
549
416
119
629
553
189
993
342
104
722
208
966
127
698
123
443
290
688
914
662
849
25
203
124
493
203
647
819
900
22
372
22
443
539
68
641
852
186
14
848
585
144
11
614
767
152
252
570
318
697
338
607
112
993
863
523
800
169
675
80
909
513
817
626
375
596
299
848
986
40
386
78
336
39
299
10
940
73
182
998
244
6
817
373
118
734
453
153
415
211
544
501
311
674
547
255
665
590
3
168
618
485
325
38
224
775
550
602
333
428
898
358
436
310
150
825
3
639
223
158
97
11
188
321
578
513
729
756
888
214
518
642
517
803
648
10
599
953
230
653
203
266
286
251
445
769
49
179
6
412
788
186
95
16
833
670
589
583
437
19
413
558
235
429
162
122
1
8
605
332
18
853
285
409
764
781
151
471
210
306
775
301
828
620
680
67
382
490
96
978
734
130
632
941
922
811
138
808
866
552
179
832
809
704
420
995
882
556
460
665
313
896
832
867
87
581
685
931
954
382
564
109
589
682
656
308
99
954
669
79
786
364
745
301
181
135
855
704
490
687
529
294
718
291
406
213
214
693
893
304
351
530
25
229
32
771
693
602
502
611
922
231
904
434
286
820
461
122
247
294
571
720
545
231
233
188
300
988
615
316
185
347
660
542
990
68
928
461
208
391
548
654
169
30
734
28
507
92
657
832
892
303
869
237
482
506
418
403
24
687
835
314
697
843
577
74
540
737
741
88
385
939
403
843
860
398
83
840
207
518
761
483
957
114
31
559
804
617
282
872
962
582
482
518
52
40
86
205
234
588
768
723
503
671
148
58
80
726
591
607
907
425
445
713
554
584
771
510
304
220
279
882
907
489
997
34
667
114
619
600
201
590
367
639
331
242
383
762
560
23
34
32
151
837
365
979
437
488
632
881
726
666
314
378
291
305
186
932
517
170
56
43
281
950
268
916
893
932
853
76
434
536
716
557
42
938
394
161
227
538
222
202
909
699
812
121
185
701
923
789
299
239
726
206
185
492
261
834
540
486
820
936
246
897
541
892
172
609
618
955
727
598
285
39
414
759
571
292
70
197
142
148
268
281
939
113
266
49
740
409
576
575
230
470
645
746
549
950
926
889
38
944
607
773
629
393
360
751
681
126
601
322
149
363
937
185
456
139
51
532
927
928
402
263
242
86
991
500
540
451
712
515
406
834
715
14
359
536
356
970
141
510
539
682
311
680
73
534
254
549
173
165
112
417
138
79
231
151
515
958
218
779
193
149
459
447
772
50
481
244
569
408
702
219
51
432
364
692
773
305
291
727
207
949
950
866
695
246
791
314
321
392
48
589
826
617
75
960
906
919
300
28
656
217
30
382
482
801
107
887
853
936
441
177
370
195
161
540
10
380
193
648
923
691
164
579
323
207
424
437
420
975
953
601
833
14
772
711
280
31
406
329
920
797
558
987
981
295
833
670
42
793
693
574
543
518
231
107
955
365
49
293
491
114
174
252
803
806
560
806
836
209
260
514
607
415
484
900
841
417
582
762
776
958
531
871
205
82
514
342
714
701
781
298
166
542
301
163
62
298
938
923
183
200
965
209
337
15
738
246
550
42
928
518
219
578
627
202
646
437
876
652
153
54
134
874
206
13
964
326
900
889
970
365
456
947
649
919
23
748
56
7
187
961
919
915
404
982
349
350
241
649
244
140
80
889
67
798
706
127
165
703
90
139
632
629
504
938
577
884
369
694
157
520
705
279
739
665
619
961
817
684
239
629
380
952
862
901
756
198
707
954
967
524
435
536
884
491
278
437
539
80
870
862
443
936
695
642
868
984
943
467
599
460
64
530
411
430
588
642
361
321
121
952
569
222
293
497
134
687
139
325
464
755
510
419
529
369
390
476
619
288
249
380
175
590
547
119
528
191
905
432
490
305
267
352
933
733
512
901
7
1
854
721
808
124
298
997
15
977
197
821
438
800
128
277
82
33
625
708
525
51
950
216
431
868
873
163
154
729
733
253
341
104
832
361
932
908
802
388
949
578
397
723
70
945
501
661
462
407
409
154
257
634
187
865
992
155
309
8
160
922
620
287
961
558
889
222
954
796
845
849
596
802
677
544
92
884
775
964
748
678
420
855
412
227
567
716
893
358
812
751
943
223
92
901
836
273
480
127
668
745
508
491
898
705
902
724
678
510
151
779
53
703
818
526
814
159
66
264
838
325
569
104
863
514
862
383
220
746
702
212
856
454
662
426
784
929
40
709
606
530
85
393
935
690
402
188
815
495
685
933
748
23
634
324
576
481
665
19
515
896
826
622
976
586
204
159
934
768
466
797
947
311
824
790
708
967
612
179
136
800
448
307
221
774
471
210
874
245
494
723
640
229
997
348
779
844
286
657
405
568
501
596
908
492
872
115
595
213
833
610
559
613
402
203
611
784
417
875
78
965
364
870
426
135
766
694
81
365
851
512
771
95
32
952
995
218
527
671
571
765
785
441
237
205
156
60
180
78
520
741
642
3
84
997
691
592
326
205
65
557
867
549
826
470
428
331
311
369
106
226
526
543
131
641
387
887
502
782
714
104
395
778
87
989
486
567
234
462
45
807
517
100
560
751
40
700
393
972
560
793
188
477
635
587
408
25
55
404
862
970
907
429
371
266
766
292
657
972
999
729
162
439
516
873
175
30
335
843
806
964
742
377
370
46
218
825
328
417
122
772
847
79
441
671
879
27
629
248
710
69
218
267
558
578
742
494
523
995
918
913
955
866
225
442
279
184
811
768
474
722
837
279
391
333
211
404
296
199
694
465
548
104
35
994
288
322
475
617
897
645
605
207
769
622
977
117
97
672
702
586
606
923
511
877
687
812
561
485
101
230
344
54
332
256
578
24
49
238
60
99
620
444
500
981
816
952
30
960
729
616
859
29
357
12
519
93
182
597
282
194
951
110
258
329
245
162
655
51
176
278
207
300
34
17
618
3
303
353
481
803
870
887
698
738
999
62
375
888
885
391
152
162
142
145
254
104
264
624
826
891
646
635
925
84
43
450
497
1
615
168
792
984
8
213
388
705
979
688
886
262
59
827
394
143
609
182
675
468
620
601
332
714
379
348
591
282
505
458
816
750
775
53
260
805
657
323
775
41
154
586
460
647
457
536
985
239
696
382
233
709
802
517
627
343
630
234
643
999
137
214
776
451
680
905
14
76
46
336
692
748
251
460
337
283
926
470
275
443
389
216
240
155
626
189
920
417
599
955
890
75
845
360
719
888
170
235
12
339
506
533
884
408
639
631
589
377
267
117
905
99
613
700
840
333
395
664
796
1
359
417
669
550
861
623
510
965
188
331
816
643
851
656
381
262
93
658
656
339
608
590
963
439
99
394
705
276
902
382
893
975
158
372
451
504
441
499
461
706
623
794
48
3
153
611
361
134
334
950
274
383
564
928
449
510
589
939
179
752
802
944
997
875
115
882
307
985
96
109
565
486
698
303
934
709
45
766
982
735
650
458
11
158
312
99
884
786
627
518
134
569
168
181
874
820
759
789
71
80
594
804
332
106
349
778
529
15
415
111
390
363
40
446
571
120
979
304
466
89
238
860
43
967
703
85
510
820
258
244
246
542
32
792
420
414
618
524
721
682
406
872
640
968
377
954
187
924
326
598
613
596
246
771
208
689
296
809
104
1
955
480
96
163
458
282
467
146
719
84
997
974
491
664
540
855
940
103
457
964
760
269
187
371
490
837
70
985
163
200
768
844
298
736
788
471
15
641
867
694
276
82
679
123
325
800
578
448
882
324
583
134
90
766
806
61
611
722
62
373
7
34
902
717
448
868
788
497
800
629
922
265
250
454
150
864
197
287
761
291
298
825
59
835
540
696
765
740
192
864
518
806
93
783
50
571
133
972
159
475
4
471
922
957
81
449
394
439
811
757
475
279
389
895
751
434
429
131
807
526
226
785
608
508
404
544
508
16
560
225
798
443
540
86
834
984
544
322
763
286
502
610
391
430
299
365
585
573
798
72
662
196
808
549
794
206
21
180
788
10
506
650
663
106
111
786
378
915
591
946
138
654
22
335
326
646
507
379
323
859
14
678
273
646
747
762
678
598
743
644
546
98
226
744
83
744
446
348
722
974
584
967
533
455
220
651
614
184
206
858
860
403
166
805
264
891
419
882
923
882
395
119
494
248
313
386
218
300
297
170
482
200
753
812
261
176
200
975
504
419
691
569
619
54
669
701
11
533
447
604
257
531
360
717
488
11
535
696
61
760
671
655
258
522
738
750
235
971
321
577
764
849
203
824
626
396
660
615
570
826
255
241
776
681
511
478
369
61
531
410
666
842
905
592
562
757
356
367
733
798
736
499
307
552
317
943
272
516
834
650
981
379
213
112
408
43
512
371
191
956
653
505
458
235
518
703
194
71
758
486
332
818
620
637
27
34
554
863
477
8
144
143
197
152
862
617
145
763
282
755
692
73
591
572
694
899
895
403
330
984
577
315
441
927
406
117
574
149
841
63
65
662
798
820
456
761
853
700
347
23
534
222
358
980
438
211
693
530
139
500
434
906
13
71
835
828
318
229
738
569
211
32
157
79
99
875
143
637
240
386
670
976
3
525
127
525
701
103
606
559
379
803
883
828
977
513
121
123
603
421
601
392
872
104
935
523
536
660
394
870
719
706
138
742
914
111
381
516
290
238
723
156
534
975
35
933
486
249
205
986
998
603
850
832
671
162
720
66
924
222
26
898
931
773
607
481
586
52
722
40
525
619
859
223
549
912
932
686
731
663
358
26
566
849
996
155
633
163
896
980
336
1
605
282
620
777
766
320
524
188
965
610
831
859
198
937
392
903
364
207
545
684
452
123
627
926
929
583
885
309
912
40
99
901
845
470
705
921
365
124
96
448
142
858
807
584
755
442
518
931
573
503
400
87
423
661
223
995
288
157
732
415
350
295
870
754
745
725
443
482
293
493
853
760
733
232
463
729
612
385
480
676
477
400
175
425
39
759
256
447
929
268
117
841
92
993
25
553
216
969
337
54
199
67
444
674
434
603
676
79
984
152
13
979
750
144
158
25
668
971
582
298
620
966
393
724
848
886
731
986
156
240
460
772
170
686
236
744
157
429
504
425
616
629
950
607
511
800
742
831
510
191
850
565
417
881
784
511
700
229
180
667
140
931
827
548
517
158
926
377
262
284
411
639
618
673
611
256
560
88
799
563
829
980
500
118
752
302
457
730
558
248
590
910
496
786
327
678
226
98
929
445
93
633
197
601
935
644
339
319
985
80
768
718
257
170
995
295
577
101
684
453
864
205
198
650
232
972
488
163
344
323
454
749
674
524
373
808
343
637
270
114
482
968
266
639
258
96
520
360
60
270
914
297
729
797
503
56
572
707
781
619
447
153
268
784
13
893
555
531
219
790
565
356
803
295
84
215
129
296
122
272
514
689
235
190
793
528
559
223
724
629
550
740
782
644
861
439
567
795
72
354
233
901
104
754
844
494
119
108
460
344
34
151
305
589
607
602
64
566
678
639
344
195
12
696
895
356
510
296
774
407
820
638
962
811
630
646
253
349
443
832
749
785
583
45
411
555
700
87
846
118
429
24
768
517
327
270
393
48
521
405
756
258
638
358
743
96
72
63
126
764
535
443
554
899
50
931
862
827
525
972
811
666
404
723
84
59
527
559
20
58
990
438
615
993
775
962
47
68
453
197
240
531
979
3
965
237
810
712
604
229
264
665
463
352
754
543
597
404
51
897
817
616
268
529
905
383
582
51
409
542
286
473
889
793
305
194
741
553
961
756
27
473
742
351
138
129
888
988
521
258
979
6
422
530
964
976
392
315
124
928
967
304
339
938
282
279
910
471
937
637
388
824
509
854
958
61
772
916
701
187
58
443
800
614
308
274
246
539
294
796
800
49
920
408
171
104
612
141
605
371
675
714
773
602
409
93
16
68
366
371
186
499
158
136
642
992
779
895
537
600
810
187
955
575
604
647
902
644
517
883
604
669
442
816
284
245
230
495
198
26
982
652
518
676
687
401
272
260
508
872
285
545
356
504
37
816
883
13
374
157
623
593
763
525
326
175
880
62
766
945
421
65
358
656
970
935
723
885
402
314
461
422
195
613
260
811
437
559
220
73
448
707
1
246
811
339
943
758
546
527
720
758
784
697
452
15
302
651
332
126
314
363
208
801
763
277
370
364
187
201
682
292
319
751
170
708
420
128
45
575
58
807
12
829
717
672
666
865
65
128
257
314
534
158
147
233
276
168
446
234
425
920
930
943
129
672
868
193
901
147
216
64
911
535
778
941
596
592
390
78
67
599
226
922
390
763
512
677
511
846
768
382
229
203
693
264
118
318
46
502
438
269
336
706
929
197
370
231
206
833
690
29
910
759
182
382
691
322
670
599
35
567
992
656
319
82
763
0
479
697
640
859
857
373
189
949
425
284
357
955
203
81
157
64
447
928
519
173
581
988
748
429
673
748
830
952
824
670
300
630
732
746
498
71
691
419
320
744
271
673
521
489
650
338
983
29
561
890
76
665
147
993
244
872
809
500
370
358
975
86
65
604
652
560
988
67
815
911
407
781
58
174
559
328
20
683
959
44
922
358
446
880
349
111
253
368
82
95
221
545
949
67
112
176
271
468
622
896
507
898
964
482
475
58
688
322
656
437
943
663
458
203
363
123
556
968
703
324
620
270
669
539
562
587
867
267
415
189
664
956
223
275
565
8
394
989
802
205
311
767
158
477
122
762
852
426
776
659
818
422
880
616
987
786
269
240
48
837
929
371
594
71
60
178
388
559
550
560
14
66
913
153
124
813
658
529
849
333
425
433
494
844
38
261
896
15
935
394
513
582
688
590
341
115
754
128
439
767
631
594
421
113
261
619
962
968
65
930
274
579
557
8
851
439
365
190
563
913
527
191
180
933
818
887
47
847
912
116
328
767
886
771
30
442
795
966
158
742
367
549
728
486
407
187
450
167
318
314
139
986
494
393
803
60
239
925
538
914
855
982
726
736
819
772
600
732
900
609
729
207
614
200
561
492
309
615
609
116
217
9
226
88
619
767
197
865
896
368
156
317
6
646
904
282
493
900
109
784
296
205
827
866
876
93
39
158
544
182
785
181
565
580
639
733
95
162
82
525
757
505
159
176
662
269
968
285
693
155
444
54
646
488
437
33
249
596
944
164
727
623
731
228
730
722
642
15
522
201
170
951
277
551
785
730
599
859
853
129
530
233
13
814
487
276
69
450
622
307
742
541
954
218
333
391
265
363
482
686
907
588
845
257
473
954
492
573
928
966
95
398
837
527
136
992
531
393
909
134
370
988
576
979
891
24
241
7
818
55
857
84
899
571
787
361
152
19
647
183
169
224
526
715
237
284
117
635
361
277
667
373
431
559
109
980
680
712
773
683
524
583
910
431
17
711
508
617
843
49
905
393
251
272
882
905
915
753
476
609
969
610
889
886
226
866
687
705
33
194
547
765
544
122
538
305
726
111
120
647
865
508
836
155
742
830
428
832
543
341
949
432
756
151
254
667
973
991
869
666
607
463
474
563
61
545
779
400
361
956
799
811
99
484
455
541
617
163
794
560
48
616
952
513
762
741
969
210
680
869
895
494
697
357
137
431
820
651
962
533
667
204
89
743
913
834
298
743
493
382
909
657
919
378
885
76
666
227
380
980
74
437
525
175
777
191
882
151
517
168
327
639
27
130
599
506
930
269
45
72
161
840
605
426
899
516
365
0
557
305
126
945
980
253
199
579
884
890
420
315
943
752
331
776
467
547
535
435
103
734
128
961
750
967
475
444
525
453
454
519
162
680
447
577
174
344
805
699
308
160
63
717
610
988
644
350
184
121
171
139
871
564
427
426
868
277
245
